php artisan calc --json="prm/1"

Start
MCN: 311 | Local Minimums: 200
Time: 18 seconds after | Per MCN: 0.05788


TOP-1 | 0 | 0.8885, -0.0053
TOP-2 | 0.14886 | 0.8919, -0.0324
TOP-3 | 0.18851 | 0.8816, -0.0041
TOP-4 | 0.42157 | 0.8887, 0.0202
TOP-5 | 0.4271 | 0.8787, 0.0251


Bee | Delta | Fails | Coordinates
1 | 29.18234 | 0 | 0.5026, -0.1088
2 | 0 | 0 | 0.8885, -0.0053
3 | 17.65382 | 0 | 0.7054, 0.031
4 | 13.15272 | 0 | 0.7307, 0.1635
5 | 34.09093 | 0 | 0.3097, -0.0453
6 | 4.41849 | 1 | 0.9136, -0.0265
7 | 24.33901 | 3 | 0.4655, 0.2114
8 | 62.58 | 0 | -0.42, 0.02
9 | 2.40149 | 0 | 0.9041, -0.0275
10 | 15.19988 | 0 | 0.7692, -0.0687


MCN: 312, Result: 2, d: 0 [0.8885, -0.0053]
Finish
