php artisan calc --json="prm/2"

Start
MCN: 2027 | Local Minimums: 1493
Time: 5 minutes after | Per MCN: 0.17464


TOP-1 | 2.77158 | 0.5364, 0.2696, -13.5441, 2.8125
TOP-2 | 2.83988 | -2.7388, -0.2078, 12.5843, 14.601
TOP-3 | 2.87908 | 1.2281, 0.3318, -11.2751, 11.0208
TOP-4 | 2.88478 | 2.4207, 0.1058, -1.9011, 9.4021
TOP-5 | 2.88636 | 1.8667, -0.0701, -6.2533, 8.9559


Bee | Delta | Fails | Coordinates
1 | 5.20066 | 3 | 2.8619, 0.7834, 9.0071, 5.3762
2 | 9.20711 | 1 | -1.3424, 0.0344, 3.9561, 12.612
3 | 4.6116860184274E+18 | 0 | -3.9, 7.2, 4.5, 4.8
4 | 82698.91374 | 0 | 1.2, 14.7, -5.7, -14.4
5 | 550.93635 | 1 | -4.2, 0, -9.3, -14.7
6 | 18.56946 | 0 | 0.1341, 4.1119, 8.2971, -6.2103
7 | 6.46495 | 0 | -0.3, -12.3, -7.5, 11.7
8 | 29.1705 | 4 | 0.5037, 4.0747, 6.9595, 1.4248
9 | 6.52515 | 4 | -0.0813, -0.2161, 1.851, -10.481
10 | 21313197.74619 | 0 | 12.7766, 4.0394, 4.53, 4.206

===


MCN: 1025 | Local Minimums: 172
Time: 6 minutes after | Per MCN: 0.39512
TOP-1 | 2.1883 | 5.8507, -0.0075, -20.9149, 99.1428
TOP-2 | 2.21342 | 3.5006, 0.007, -30.9653, 80.731
TOP-3 | 2.25206 | -1.1878, 0.0827, -85.4402, -81.5357
TOP-4 | 2.25916 | 7.8517, -0.0013, -8.73, 67.5308
TOP-5 | 2.2749 | -2.7447, 0.2554, 51.0295, 79.3634



MCN: 1106 | Local Minimums: 184
Time: 7 minutes after | Per MCN: 0.39241
TOP-1 | 2.15349 | 2.0358, 0.058, -116.7855, 166.4891
TOP-2 | 2.17093 | -1.8899, -0.0083, -121.4182, -173.9433
TOP-3 | 2.18389 | -0.9138, 0.076, -153.1495, -107.575
TOP-4 | 2.20694 | -2.903, -0.1751, 60.6318, 108.9834
TOP-5 | 2.21125 | 2.6154, -0.1483, -71.4889, 132.6939



MCN: 867 | Local Minimums: 123
Time: 5 minutes after | Per MCN: 0.34717
TOP-1 | 2.12245 | 0.5868, -0.6801, 1300.8227, -525.1326
TOP-2 | 2.12308 | 2.6505, -1.3578, -477.272, 853.4787
TOP-3 | 2.14514 | -0.4581, -4.0617, -1228.5419, -389.8414
TOP-4 | 2.17572 | -2.1452, -4.5519, -943.3633, -1388.0251
TOP-5 | 2.19715 | 1.4207, 13.8995, -1327.4249, 1396.9279



MCN: 618 | Local Minimums: 121
Time: 3 minutes after | Per MCN: 0.29288
TOP-1 | 2.08116 | -1.8317, 0.1129, 928.6019, 1152.661
TOP-2 | 2.08314 | 4.0518, 0.2244, -588.2108, 1644.5733
TOP-3 | 2.08457 | -3.5897, -0.0811, 443.2222, 1072.8462
TOP-4 | 2.09677 | -1.7922, -0.1573, -652.9866, -810.8005
TOP-5 | 2.10147 | -3.262, -1.0859, 698.3106, 1569.1891



MCN: 538 | Local Minimums: 103
Time: 2 minutes after | Per MCN: 0.28625
TOP-1 | 2.07657 | -1.8973, 0.9163, -6148.2084, -8000.8847
TOP-2 | 2.08212 | 1.348, 2.31, -5486.9596, 5093.9757
TOP-3 | 2.08277 | 1.5663, 2.3686, -6015.2429, 6454.2835
TOP-4 | 2.08441 | 2.203, 3.6893, -4504.6072, 6833.4002
TOP-5 | 2.08487 | 4.2911, 1.9182, 2264.3438, -6605.5454


MCN: 503 | Local Minimums: 943
Time: 2 minutes after | Per MCN: 0.28628
TOP-1 | 2.07677 | 2.0925, -2.9175, 46581.6016, -66940.0358
TOP-2 | 2.0776 | -1.8, -7.5, 52000, 64000
TOP-3 | 2.07795 | -1.7117, 1.954, -62100.4527, -73038.9387
TOP-4 | 2.07891 | 4.4487, 2.5165, -27226.3246, 82734.3252
TOP-5 | 2.07905 | 1.1626, 3.9518, 40097.6955, -31802.3078




MCN: 935 | Local Minimums: 1757
Time: 5 minutes after | Per MCN: 0.3754
TOP-1 | 2.07062 | 2.412, -2.8995, 296064, -489202.0525
TOP-2 | 2.0711 | -3.6311, 3.8844, -203545.3514, -506453.097
TOP-3 | 2.07211 | 3.5101, -8.4251, -249804.5717, 600804.193
TOP-4 | 2.07218 | -1.931, 11.1457, -555994.1362, -734802.2741
TOP-5 | 2.07263 | -7.343, 12.4535, -179868.5362, -904379.9233



MCN: 2052 | Local Minimums: 1039
Time: 13 minutes after | Per MCN: 0.40448
TOP-1 | 2.07082 | -1.7348, -6.9782, -325749.4726, -386918.9985
TOP-2 | 2.07089 | 1.5443, 3.7375, -302605.4872, 320175.6584
TOP-3 | 2.07092 | -2.72, 4.4718, -235626.2429, -439132.054
TOP-4 | 2.07096 | 4.4283, -2.2992, 279901.2303, -849215.4506
TOP-5 | 2.07101 | 3.7836, -3.6816, -192864.0075, 499562.3151
