php artisan calc --json="prm/3"

"Vij=g1 + g2 * Vi-1,j + g3 * Vi,j-1 + g4 * Vi-1,j-1 + g5 * Vi-2,j + g6 * Vi-1,j-1 * Vi-1,j + g7 * Vi-2,j + g8 * Vi-3,j",
"g1 + g2 * Vi-1,j + g3 * Vi,j-1 + g4 * Vi-1,j-1 + g5 * Vi-2,j + g6 * Vi-1,j-1 * Vi-1,j + g7 * Vi-2,j + g8 * Vi-3,j",


TOP-1 | 90.11566 | 0.6106, 0.8257, -0.5597, 0.9676, 0.0957, -0.0117, 0.1144, 0.1326
TOP-2 | 90.76149 | 0.7856, 0.0642, 0.2477, 0.2576, 0.037, -0.0255, 0.5888, 0.7523
TOP-3 | 98.00303 | 0.3897, 0.4809, -0.3358, 0.7193, 0.6684, -0.1286, -0.1151, 0.1315
TOP-4 | 98.12633 | 0.3777, 0.3473, 0.0774, 0.7666, 0.7141, -0.1143, -0.5882, 0.6635
TOP-5 | 99.05151 | 0.3889, 0.3597, -0.3396, 0.6503, 0.6136, -0.1609, 0.04, 0.148


Bee | Delta | Fails | Coordinates
1 | 100.88954 | 1 | 0.2977, -0.6028, 0.2425, -0.6279, 0.224, 0.112, -0.3574, 0.1642
2 | 9.2233720368548E+18 | 3 | 0.36, 0.38, 0.48, -0.74, 0.34, 0.8, 0.22, -0.18
3 | 101.98945 | 2 | 0.0561, -0.3487, 0.0669, -0.212, 0.2296, 0.1787, -0.4103, -0.1306
4 | 101.43203 | 0 | 0.5654, -0.4725, 0.3167, -0.8249, 0.3146, 0.6664, -0.3328, 0.0877
5 | 101.87603 | 1 | -0.06, 0.36, -0.82, 0.84, -0.46, -0.64, 0.2, -0.2
6 | 90.11566 | 3 | 0.6106, 0.8257, -0.5597, 0.9676, 0.0957, -0.0117, 0.1144, 0.1326
7 | 9.2233720368548E+18 | 1 | -0.7, -0.74, -0.78, -0.56, -1, 0.2, -0.22, 0.9
8 | 102.43776 | 0 | -0.0079, -0.7442, 0.3174, -0.4142, 0.0874, 0.8, 0.2432, 0.5935
9 | 101.86802 | 2 | 0.2831, -0.2731, -0.3775, -0.3894, -0.049, 0.4551, -0.4206, 0.6841
10 | 98.12633 | 0 | 0.3777, 0.3473, 0.0774, 0.7666, 0.7141, -0.1143, -0.5882, 0.6635


====================================

MCN: 2600 | Local Minimums: 2287
Time: 1 hour after | Per MCN: 2.31308


TOP-1 | 82.34785 | 0.658, 0.5215, 0.1654, 0.0998, 0.6245, -0.0298, -0.334, 0.8224
TOP-2 | 86.11889 | 0.7485, 0.4185, 0.0753, 0.3967, 0.2052, -0.0407, 0.2453, 0.5794
TOP-3 | 86.96375 | 0.6993, 0.6168, 0.2579, -0.0802, 0.6291, -0.0171, -0.5553, 0.7333
TOP-4 | 88.13598 | 0.4386, 0.5671, 0.07, 0.3157, 0.1068, -0.0149, 0.4409, 0.3521
TOP-5 | 88.52481 | 0.4366, 0.6311, 0.0108, 0.5834, 0.4362, -0.0217, 0.1263, 0.1937


Bee | Delta | Fails | Coordinates
1 | 9.2233720368548E+18 | 0 | 0.24, 0.14, 0.74, -0.42, 0.08, -0.46, -0.24, 0
2 | 100.92931 | 0 | 0.6779, 0.1662, -0.0582, 0.2256, 0.5366, -0.5163, -0.1979, 0.2768
3 | 101.76494 | 0 | 0.2905, -0.5448, -0.0659, 0.4121, 0.0671, 0.1804, -0.1678, 0.1172
4 | 101.65634 | 2 | 0.3192, 0.0553, 0.5071, -0.4075, 0.2122, 0.5976, -0.1301, -0.4079
5 | 102.15593 | 0 | -0.0932, 0.0262, -0.0825, 0.1024, 0.2542, 0.0526, -0.3512, 0.3738
6 | 96.01459 | 1 | 0.3608, 0.3191, -0.0465, 0.3343, 0.0001, -0.0443, 0.5268, 0.4777
7 | 101.75481 | 0 | 0.46, 0.14, -0.42, -0.44, 0.1, 0.28, -0.4, 0.64
8 | 99.82128 | 0 | 0.3811, -0.0046, -0.2161, 0.4367, -0.038, -0.0437, 0.4307, 0.5858
9 | 101.78167 | 0 | 0.0359, 0.0279, -0.0828, 0.3639, 0.2839, 0.1667, -0.0636, 0.5672
10 | 100.53232 | 0 | 0.501, 0.9441, -0.1771, 0.1417, 0.2383, -0.1978, -0.0784, -0.0474

========================


MCN: 414 | Local Minimums: 50
Time: 10 minutes after | Per MCN: 1.54831


TOP-1 | 77.28725 | 0.9255, 0.6449, -0.1265, 0.51, 0.8964, -0.0115, -0.2846, 0.098 | 91
TOP-2 | 78.02797 | 0.9134, 0.4409, 0.2338, 0.4309, 0.1289, -0.0175, 0.529, 0.3669 | 251
TOP-3 | 78.691 | 0.5557, 0.8038, -0.1019, 0.8563, -0.096, -0.0394, 0.7622, -0.1541 | 75
TOP-4 | 79.68696 | 0.752, 0.4442, 0.226, 0.2508, 0.1373, -0.0265, 0.5949, 0.3159 | 244
TOP-5 | 79.72784 | 0.8744, 0.6993, 0.2743, 0.6695, 0.2822, -0.0425, 0.0376, 0.3297 | 224


Bee | Delta | Fails | Coordinates
1 | 9.2233720368548E+18 | 2 | -0.42, 0.56, -0.88, -0.58, 0.02, -0.3, -0.08, 0.46
2 | 95.77831 | 14 | 0.9572, 0.2028, 0.2229, 0.3792, 0.6116, -0.1319, -0.2981, 0.553
3 | 81.77907 | 3 | 0.5763, 0.5331, -0.0178, 0.6571, 0.0737, -0.0438, 0.5467, 0.3795
4 | 101.99739 | 3 | 0.0093, 0.8763, -0.1788, 0.4085, -0.8503, 0.172, -0.1271, 0.4799
5 | 101.08505 | 2 | 0.2987, 0.5351, -0.3704, 0.3341, -0.3604, 0.2086, 0.0815, 0.369
6 | 96.64792 | 2 | 0.926, 0.228, -0.0846, 0.6251, 0.4425, -0.0539, -0.2778, 0.5496
7 | 94.9482 | 2 | 0.5347, 0.3467, 0.1736, 0.1651, 0.1928, -0.0986, 0.4788, 0.3786
8 | 101.03778 | 0 | 0.0798, -0.0065, 0.6535, -0.2785, -0.3394, -0.2252, 0.4078, -0.2852
9 | 94.23849 | 3 | 0.3514, 0.3802, -0.1861, 0.6399, -0.2421, -0.0526, 0.8211, 0.461
10 | 88.17006 | 0 | 0.2517, 0.4767, -0.0123, 0.6002, 0.3981, -0.0772, 0.7649, -0.0628



===


MCN: 5053 | Local Minimums: 384
Time: 1 hour after | Per MCN: 1.06669


TOP-1 | 73.77824 | 0.9618, 0.7015, 0.1323, 0.8087, 0.9372, -0.0163, -0.2031, -0.1852 | 997
TOP-2 | 74.09048 | 0.9058, 0.7723, 0.2013, 0.3099, 0.4773, -0.0287, 0.0574, -0.0243 | 621
TOP-3 | 74.96085 | 0.95, 0.5284, -0.0301, 0.8214, 0.4691, -0.0382, 0.3738, -0.0201 | 3274
TOP-4 | 75.22094 | 0.8961, 0.7797, -0.0434, 0.5171, -0.0706, -0.0172, 0.402, 0.239 | 3516
TOP-5 | 75.28427 | 0.9228, 0.6787, 0.1873, 0.365, 0.4893, -0.0291, 0.1098, 0.0391 | 596


Bee | Delta | Fails | Coordinates
1 | 92.67938 | 7 | 0.6189, 0.4649, -0.0015, 0.0743, 0.393, -0.0231, -0.0126, 0.607
2 | 89.69413 | 9 | 0.7425, 0.4061, 0.2843, -0.4332, 0.4, 0.0021, 0.443, 0.139
3 | 82.31236 | 28 | 0.8533, 0.7196, 0.3091, 0.333, 0.0367, -0.0497, 0.3053, 0.245
4 | 85.14221 | 7 | 0.8236, 0.2955, 0.2581, 0.1758, 0.4009, -0.0233, 0.2419, 0.5271
5 | 100.91226 | 0 | 0.5212, 0.5275, 0.1891, -0.1242, 0.0945, 0.0022, 0.597, -0.6921
6 | 96.6363 | 22 | 0.6508, 0.9938, -0.105, -0.0143, -0.6353, 0.0059, 0.397, 0.4031
7 | 95.95603 | 32 | 0.282, 0.6122, -0.0344, 0.318, -0.37, -0.0018, 0.5567, 0.5397
8 | 100.67989 | 0 | 0.6568, -0.0064, 0.0641, -0.0223, 0.0511, -0.5493, 0.3772, 0.2977
9 | 84.72502 | 7 | 0.8501, 0.3907, 0.04, 0.3885, 0.2922, -0.0466, 0.0496, 0.8733
10 | 92.97065 | 0 | 0.9504, -0.0594, -0.2419, 0.5064, 0.2001, -0.0215, 0.6442, 0.4357


====================


Start
MCN: 3302 | Local Minimums: 571
Time: 47 minutes after | Per MCN: 0.85675


TOP-1 | 36.54175 | 0 | -0.5908, 0.1561, 0.1476, 0.1039, 0.7501, -0.002, 0.1006, -0.0845 | 2243
TOP-2 | 38.76354 | 0 | 0.1055, 0.1849, 0.022, 0.2595, 0.0081, -0.0005, -0.1878, 0.8283 | 608
TOP-3 | 39.34262 | 0 | -0.6006, 0.2106, 0.3412, 0.2167, -0.0954, -0.0003, 0.0061, 0.3844 | 2222
TOP-4 | 39.39861 | 0 | 0.8261, -0.0727, 0.2513, 0.264, 0.2364, -0.0005, -0.0819, 0.4643 | 604
TOP-5 | 39.98754 | 0 | 0.7623, -0.3133, 0.2458, 0.2714, 0.1998, -0.0003, 0.2421, 0.4046 | 586


Bee | Delta | Fails | Coordinates
1 | 1000000086.9165 | 1 | 0.4, 0.5, 0.94, 0.7, -0.52, 0.16, -0.36, -0.96
2 | 999960591.58575 | 0 | -0.2436, 0.8776, -0.048, -0.2821, -0.4074, 0.3133, -0.2619, -0.3575
3 | 1000000099.1402 | 1 | 0.6176, 0.2928, -0.608, -0.9248, 0.0978, 0.8792, -0.2563, 0.4426
4 | 5133.96138 | 7 | -0.8126, 0.1568, -0.1029, -0.0558, -0.381, -0.0176, -0.0957, 0.2531
5 | 916992636.39555 | 9 | 0.4114, -0.5705, -0.26, -0.3381, -0.0822, 0.3106, -0.4815, -0.0097
6 | 999999754.81863 | 7 | 0.0856, -0.1228, -0.0907, 0.3445, -0.8613, 0.2123, 0.3293, -0.3968
7 | 985470592.39612 | 18 | 0.5074, -0.6322, -0.1574, 0.1147, -0.4885, 0.1959, 0.0843, 0.0699
8 | 139.74 | 17 | 0.2984, -0.112, 0.0092, 0.1978, -0.3749, 0.0155, -0.1592, 0.0825
9 | 999030836.56826 | 10 | 0.6024, -0.1945, -0.3942, 0.3445, -0.6204, 0.1678, -0.1364, 0.0048
10 | 999999940.70243 | 0 | 0.5907, 0.149, -0.3942, -0.1619, -0.1241, 0.6176, -0.1178, 0.3083



=================================================


Start
MCN: 827 | Local Minimums: 75
Time: 12 minutes after | Per MCN: 0.87908


TOP-1 | 31.0587 | -0.1738, 0.3486, 0.0135, 0.251, 0.3039, -0.0022, 0.335, -0.0521 | 710
TOP-2 | 32.12725 | 0.1451, -0.0493, -0.0067, 0.2101, 0.3748, -0.0031, 0.2747, 0.4939 | 695
TOP-3 | 32.26665 | 0.1, 0.5612, 0.0211, 0.0559, 0.3159, -0.0021, 0.0698, 0.1698 | 662
TOP-4 | 32.40136 | 0.1187, 0.1707, -0.0535, 0.2649, 0.3965, -0.0024, 0.1911, 0.2583 | 676
TOP-5 | 32.48941 | 0.8615, 0.2377, 0.024, 0.0272, 0.4739, -0.003, 0.0748, 0.4174 | 608


Bee | Delta | Fails | Coordinates
1 | 983109579.05676 | 0 | 0.0744, -0.162, -0.081, 0.2258, 0.2685, 0.0681, -0.4209, -0.4482
2 | 911174639.3602 | 2 | -0.634, -0.6022, -0.08, 0.2307, -0.1118, 0.0721, -0.2565, -0.1997
3 | 972496150.39986 | 19 | -0.6297, -0.6404, -0.1388, -0.4418, 0.0165, 0.2746, 0.0409, 0.1466
4 | 101.4044 | 0 | 0.4006, -0.2418, -0.0628, 0.1669, 0.2636, -0.003, -0.1755, -0.2128
5 | 101.52125 | 2 | 0.3311, -0.1547, -0.0789, 0.5818, 0.3297, -0.0062, -0.3558, -0.0466
6 | 105.04427 | 5 | -0.192, -0.7158, -0.1135, 0.0194, -0.0865, 0.0027, -0.2667, 0.1398
7 | 108.25192 | 0 | -0.0427, 0.1318, -0.0339, -0.087, -0.1028, -0.008, -0.3772, -0.2617
8 | 966006005.87944 | 14 | -0.7781, -0.2872, -0.1643, 0.1144, -0.1746, 0.2761, -0.5647, 0.087
9 | 73.58709 | 26 | 0.2586, -0.0863, -0.032, 0.5139, 0.433, -0.0014, -0.2859, 0.3794
10 | 38.6829 | 0 | 0.0269, -0.0039, -0.0126, 0.3026, 0.3324, -0.0015, 0.0079, 0.5214



=====================


TOP-1 | 30.14645 | -0.0936, 0.2469, 0.2682, 0.1904, 0.3901, -0.0021, 0.0015, 0.0919 | 6527
TOP-2 | 30.19709 | -0.0403, 0.3035, 0.1506, 0.2418, 0.4068, -0.0023, 0.0536, 0.046 | 4675
TOP-3 | 30.44927 | -0.0131, 0.1582, 0.1066, 0.3213, 0.3366, -0.0028, 0.153, 0.1735 | 6258
TOP-4 | 30.49116 | 0.1287, 0.1563, 0.0888, 0.3682, 0.2576, -0.003, 0.0636, 0.3317 | 6767
TOP-5 | 30.50722 | 0.0586, 0.1223, 0.1971, 0.2425, 0.1962, -0.0025, 0.3117, 0.1493 | 4700




TOP-1 | 30.0293 | -0.0805, 0.3389, 0.1838, 0.2029, 0.1175, -0.0024, 0.2557, 0.1093 | 7855
TOP-2 | 30.14645 | -0.0936, 0.2469, 0.2682, 0.1904, 0.3901, -0.0021, 0.0015, 0.0919 | 6527
TOP-3 | 30.19709 | -0.0403, 0.3035, 0.1506, 0.2418, 0.4068, -0.0023, 0.0536, 0.046 | 4675
TOP-4 | 30.44927 | -0.0131, 0.1582, 0.1066, 0.3213, 0.3366, -0.0028, 0.153, 0.1735 | 6258
TOP-5 | 30.49116 | 0.1287, 0.1563, 0.0888, 0.3682, 0.2576, -0.003, 0.0636, 0.3317 | 6767




=========================
-0.5, 0.5

MCN: 11010 | Local Minimums: 545
Time: 2 hours after | Per MCN: 0.87911


TOP-1 | 29.8511 | 0.0063, 0.3851, 0.1182, 0.304, 0.2646, -0.0024, 0.0413, 0.091 | 8077
TOP-2 | 30.0293 | -0.0805, 0.3389, 0.1838, 0.2029, 0.1175, -0.0024, 0.2557, 0.1093 | 7855
TOP-3 | 30.14645 | -0.0936, 0.2469, 0.2682, 0.1904, 0.3901, -0.0021, 0.0015, 0.0919 | 6527
TOP-4 | 30.19709 | -0.0403, 0.3035, 0.1506, 0.2418, 0.4068, -0.0023, 0.0536, 0.046 | 4675
TOP-5 | 30.25925 | -0.0184, 0.3733, 0.0858, 0.2559, 0.0674, -0.0027, 0.2981, 0.153 | 8703


Bee | Delta | Fails | Coordinates
1 | 33.77435 | 8 | 0.3935, 0.2317, -0.0625, 0.4113, 0.1662, -0.0011, 0.2648, 0.1138
2 | 34.06421 | 9 | 0.3952, 0.3417, -0.0842, 0.303, 0.3349, -0.0011, 0.2658, -0.0478
3 | 34.8893 | 8 | 0.4135, 0.1333, -0.0894, 0.3041, 0.3617, -0.0012, 0.3438, 0.0827
4 | 32.72729 | 63 | 0.3768, -0.033, 0.2948, 0.1725, 0.1649, -0.0016, 0.2559, 0.2973
5 | 127.7844 | 3 | 0.3553, -0.2534, -0.2702, 0.1864, -0.088, 0.0129, 0.1333, 0.05
6 | 34.21058 | 96 | 0.0309, 0.3698, 0.2277, 0.2113, 0.0959, -0.0012, 0.0728, 0.1331
7 | 34.41315 | 23 | 0.1874, 0.3082, -0.0637, 0.0466, 0.3636, -0.0011, 0.1706, 0.3189
8 | 32.20108 | 86 | 0.3889, 0.1315, 0.393, 0.1059, 0.196, -0.0016, 0.1537, 0.165
9 | 32.75811 | 5 | 0.3404, 0.24, 0.0307, 0.2311, 0.2692, -0.0015, 0.161, 0.2242
10 | 35.46697 | 0 | 0.0931, 0.2261, 0.1198, 0.2763, 0.2608, -0.0007, -0.0085, 0.2172




====

[i][j] -> [j][i]

MCN: 2219 | Local Minimums: 212
Time: 29 minutes after | Per MCN: 0.80352


TOP-1 | 55.94686 | -0.0914, -0.1232, 0.0637, 0.0633, 0.4928, -0.0007, 0.3515, 0.1765 | 464
TOP-2 | 56.07413 | -0.624, 0.109, -0.0701, 0.4208, 0.2974, 0.0005, -0.1044, 0.3261 | 1587
TOP-3 | 56.32097 | -0.145, 0.2829, -0.0672, 0.0745, 0.0132, -0.0021, 0.3181, 0.4677 | 1836
TOP-4 | 56.64457 | -0.4313, -0.2032, -0.0341, 0.1956, 0.4106, 0, 0.3488, 0.2718 | 1960
TOP-5 | 56.98825 | 0.4808, -0.0154, -0.1691, 0.2165, 0.025, -0.001, 0.0161, 0.9416 | 603


Bee | Delta | Fails | Coordinates
1 | 756883356.6493 | 0 | 0.6861, -0.3941, -0.3337, 0.1242, -0.047, 0.3637, -0.1304, 0.0659
2 | 747678479.40528 | 7 | -0.7258, -0.4985, -0.354, 0.1494, -0.4259, 0.3638, 0.4321, 0.0596
3 | 736205104.92122 | 4 | -0.2487, -0.5058, -0.4413, 0.0654, 0.1351, 0.3639, -0.3111, 0.12
4 | 732039956.32254 | 17 | -0.0881, -0.4969, -0.3988, 0.266, 0.5301, 0.3631, -0.4607, -0.0079
5 | 773513160.64081 | 16 | -0.5521, -0.4478, -0.3361, -0.1049, -0.2665, 0.3627, 0.2307, -0.0552
6 | 754180961.39715 | 8 | -0.0637, -0.3644, -0.3574, 0.2031, 0.0737, 0.3645, -0.513, 0.077
7 | 960757500.03517 | 2 | 0.6286, -0.4329, -0.5669, -0.1695, -0.9298, 0.412, 0.3138, 0.1104
8 | 741360006.21118 | 2 | 0.0051, -0.4998, -0.391, 0.0249, -0.4066, 0.3651, 0.438, 0.0322
9 | 737042924.63273 | 22 | 0.0915, -0.5543, -0.4261, 0.0169, -0.0709, 0.3678, -0.2995, 0.1124
10 | 763798008.4597 | 0 | -0.2393, -0.3601, -0.3363, 0.1409, -0.3341, 0.364, -0.0799, 0.0561





=====

i <-> j

MCN: 5864 | Local Minimums: 444
Time: 1 hour after | Per MCN: 0.85556


TOP-1 | 11.30425 | 0.8638, -0.265, -0.0926, -0.0121, 0.5614, -0.0001, 0.2039, 0.5843 | 3455
TOP-2 | 12.09487 | -0.4618, -0.2832, -0.025, 0.053, 0.1009, -0.0004, 0.8135, 0.3823 | 5735
TOP-3 | 12.90335 | 0.4123, -0.135, -0.0526, 0.056, 0.3243, -0.0009, 0.365, 0.499 | 2154
TOP-4 | 13.06725 | -0.7035, -0.1772, -0.0987, 0.0167, 0.3611, -0.0003, 0.2512, 0.6706 | 5602
TOP-5 | 13.087 | 0.3029, 0.0206, -0.1039, 0.1167, 0.5628, -0.0001, -0.0845, 0.4997 | 3461


Bee | Delta | Fails | Coordinates
1 | 999999824.72049 | 21 | 0.1528, -0.0845, -0.068, -0.0259, 0.7945, -0.3572, -0.2875, 0.0991
2 | 102.8736 | 5 | -0.3386, 0.0299, -0.0547, -0.3479, 0.0896, 0.0082, -0.324, 0.2678
3 | 135.33976 | 2 | -0.2215, 0.0072, -0.0148, 0.4374, 0.6065, 0.0029, -0.586, 0.2085
4 | 975961778.07599 | 3 | -0.3138, -0.2877, -0.0484, 0.0433, 0.5072, 0.1122, -0.0548, -0.4343
5 | 59.69826 | 4 | -0.4665, 0.0234, -0.0676, -0.1084, 0.6776, -0, 0.166, 0.2401
6 | 115.20833 | 3 | 0.6305, 0.1187, -0.0888, 0.1887, 0.5878, 0.0053, -0.4362, -0.2658
7 | 969109963.5653 | 1 | -0.1078, -0.2609, -0.0661, 0.126, 0.6979, 0.1089, -0.6799, 0.2199
8 | 29.19596 | 18 | -0.3912, -0.3033, -0.0508, -0.0036, 0.4671, 0.0003, 0.4369, 0.4047
9 | 984801357.27242 | 1 | -0.1182, -0.257, -0.057, -0.0662, 0.3628, 0.1047, -0.1672, 0.0057
10 | 33.75031 | 0 | 0.869, 0.0855, -0.0546, 0.0242, 0.6981, 0.0006, -0.1142, 0.2771


==========

without g7 & g8

MCN: 3118 | Local Minimums: 196
Time: 40 minutes after | Per MCN: 0.77357


TOP-1 | 29.42991 | 0.7882, 0.5081, 0.1241, 0.3159, 0.1949, -0.0018 | 1062
TOP-2 | 29.79387 | 0.3245, 0.452, 0.1677, 0.1937, 0.3595, -0.0021 | 2001
TOP-3 | 29.8656 | 0.4924, 0.1678, 0.1329, 0.6392, 0.2224, -0.002 | 633
TOP-4 | 29.94443 | -0.0021, 0.0641, 0.215, 0.6668, 0.2144, -0.0019 | 455
TOP-5 | 29.99313 | 0.1748, 0.1162, 0.1432, 0.295, 0.6534, -0.0024 | 2245


Bee | Delta | Fails | Coordinates
1 | 46.94365 | 9 | 0.3394, 0.0236, -0.0104, 0.3051, 0.857, -0.0014
2 | 65.27625 | 2 | 0.5148, 0.035, 0.24, 0.7147, 0.1381, -0.0041
3 | 100.89195 | 2 | 0.7272, -0.1141, 0.4769, 0.0109, -0.0176, -0.0003
4 | 32.5947 | 23 | -0.6627, 0.1701, 0.1692, 0.5151, 0.2897, -0.0015
5 | 999999946.81427 | 0 | 0.1782, -0.1016, 0.2067, 0.3886, -0.0219, 0.0154
6 | 78.84542 | 43 | 0.7594, 0.2389, 0.074, 0.3039, 0.4273, -0.0055
7 | 63.63651 | 22 | 0.2934, 0.0173, 0.2029, 0.2967, 0.3845, 0.0014
8 | 1999999984.742 | 0 | 0.2, -0.9, -1, -0.68, 0.68, 1
9 | 72.9705 | 5 | 0.1333, -0.0046, 0.6597, 0.36, 0.0827, -0.0007
10 | 1000000101.0208 | 0 | -0.18, -0.1, 0.24, 0.14, 0.34, -0.76





======

With swapped i <-> j AND without g7 & g8

MCN: 1716 | Local Minimums: 128
Time: 21 minutes after | Per MCN: 0.74534


TOP-1 | 18.7273 | 0.2695, 0.4453, 0.0651, -0.0213, 0.5411, -0.0004 | 872
TOP-2 | 20.94968 | -0.361, 0.3099, 0.1265, -0.0489, 0.635, -0.0001 | 559
TOP-3 | 21.0467 | -0.3915, 0.4288, -0.0994, 0.1048, 0.6276, -0.0009 | 1320
TOP-4 | 22.98527 | 0.5896, 0.2603, -0.0219, 0.0789, 0.7315, -0.0005 | 1680
TOP-5 | 23.38119 | 0.0656, 0.568, -0.1278, 0.0858, 0.4368, 0.0004 | 1660


Bee | Delta | Fails | Coordinates
1 | 22.98527 | 36 | 0.5896, 0.2603, -0.0219, 0.0789, 0.7315, -0.0005
2 | 999120942.84332 | 1 | -0.8192, -0.6225, -0.0837, 0.0437, 0.2693, 0.6438
3 | 108.69123 | 12 | -0.0936, -0.2968, 0.0047, -0.5788, -0.1859, 0.0112
4 | 999999953.86639 | 15 | 0.7174, 0.2913, -0.4907, 0.426, -0.5297, 0.7252
5 | 65.10665 | 32 | 0.4204, 0.0634, 0.5986, -0.061, 0.3768, -0.0001
6 | 23.38119 | 56 | 0.0656, 0.568, -0.1278, 0.0858, 0.4368, 0.0004
7 | 92.80626 | 35 | 0.6748, -0.1306, -0.1597, 0.0098, 0.9107, 0.0024
8 | 35.2326 | 48 | 0.7681, 0.3283, 0.18, 0.0225, 0.4442, 0.0003
9 | 88.39799 | 1 | 0.2513, 0.4508, -0.0004, 0.0288, 0.3662, 0.0005
10 | 999999954.33654 | 0 | 0.7381, -0.8992, -0.2203, 0.155, 0.7223, 0.2945

===========

With swapped i <-> j AND without g6


MCN: 3014 | Local Minimums: 149
Time: 38 minutes after | Per MCN: 0.76543


TOP-1 | 4.54606 | 0.1459, -0.1333, -0.153, 0.084, 0.3622, -0.0585, 0.8893 | 634
TOP-2 | 4.83474 | 0.3007, 0.205, -0.177, 0.1228, 0.6339, -0.082, 0.2862 | 591
TOP-3 | 5.35582 | -0.0323, 0.0624, -0.2701, 0.2202, 0.311, 0.1233, 0.5493 | 1008
TOP-4 | 6.06806 | -0.154, -0.2059, -0.082, 0.0804, 0.6149, 0.3541, 0.2438 | 2155
TOP-5 | 6.35481 | 0.6902, 0.0626, 0.1787, -0.2032, 0.3558, -0.1595, 0.7546 | 3009


Bee | Delta | Fails | Coordinates
1 | 100.30928 | 0 | 0.5766, 0.3306, -0.213, -0.0219, 0.2224, -0.096, 0.2056
2 | 30.68017 | 57 | 0.7708, 0.0922, 0.036, 0.2656, -0.3742, 0.3781, 0.6126
3 | 105.36073 | 0 | 0.4402, -0.2359, -0.213, -0.0406, -0.5044, 0.4009, 0.6023
4 | 18.20007 | 27 | -0.449, 0.1204, -0.2404, 0.2149, 0.178, 0.218, 0.5071
5 | 23.4928 | 92 | 0.5318, 0.3318, -0.1287, 0.2046, 0.4408, -0.2111, 0.3577
6 | 6.35481 | 5 | 0.6902, 0.0626, 0.1787, -0.2032, 0.3558, -0.1595, 0.7546
7 | 24.30621 | 84 | 0.6484, -0.0868, -0.0154, 0.1786, -0.3278, 0.4903, 0.7629
8 | 13.08585 | 46 | 0.5484, 0.0073, -0.2611, 0.1857, -0.0416, 0.4335, 0.6653
9 | 18.6197 | 4 | 0.3749, 0.0029, -0.1862, 0.208, 0.0318, 0.2336, 0.7034
10 | 13.64305 | 0 | 0.4368, 0.0714, -0.3268, 0.3392, 0.2987, 0.0035, 0.6097



===========
With swapped i <-> j AND without g6 & g7


MCN: 3071 | Local Minimums: 150
Time: 37 minutes after | Per MCN: 0.7294


TOP-1 | 4.42875 | 0.7952, 0.3128, -0.1935, 0.17, 0.7149, -0.0171 | 1283
TOP-2 | 6.50958 | 0.1256, 0.2567, -0.2486, 0.2082, 0.3167, 0.4638 | 338
TOP-3 | 7.04103 | -0.2041, 0.5438, -0.2144, 0.1783, 0.1981, 0.293 | 1463
TOP-4 | 7.41858 | -0.0854, 0.4654, -0.223, 0.2057, 0.207, 0.3483 | 1424
TOP-5 | 7.98655 | -0.2051, 0.1549, -0.2807, 0.2429, 0.379, 0.5042 | 249


Bee | Delta | Fails | Coordinates
1 | 24.40696 | 45 | 0.2691, 0.0359, 0.0822, -0.048, 0.4981, 0.445
2 | 15.31121 | 38 | -0.1666, 0.2151, -0.0087, -0.0749, 0.1563, 0.7088
3 | 16.09669 | 9 | -0.5302, 0.3007, -0.0393, -0.0495, 0.1861, 0.598
4 | 16.03678 | 43 | -0.0092, 0.2997, 0.0568, -0.0447, 0.2548, 0.4349
5 | 19.71756 | 58 | 0.4067, 0.5901, 0.1299, -0.0861, 0.1379, 0.2298
6 | 78.67611 | 7 | 0.2467, 0.0417, 0.5581, 0.1039, 0.4315, -0.1815
7 | 14.21725 | 54 | 0.8111, 0.4705, -0.1729, 0.15, 0.1037, 0.4369
8 | 17.42403 | 30 | 0.8462, 0.8595, 0.0209, -0.0693, -0.2367, 0.4172
9 | 15.54813 | 12 | 0.2481, 0.394, 0.0177, -0.0477, 0.2715, 0.3621
10 | 34.80616 | 0 | -0.3871, 0.5132, 0.2346, -0.1208, -0.0531, 0.4491



========
With swapped i <-> j AND without g6 & g4

MCN: 8759 | Local Minimums: 422
Time: 1 hour after | Per MCN: 0.75157


TOP-1 | 4.88851 | 0.3994, 0.5319, 0.0081, -0.2902, 0.1782, 0.5707 | 2893
TOP-2 | 5.22559 | 0.1433, -0.1432, -0.0386, -0.1871, 0.6722, 0.6918 | 719
TOP-3 | 6.07492 | 0.6223, -0.1825, -0.0682, 0.613, -0.1308, 0.7507 | 8504
TOP-4 | 7.75795 | 0.6005, 0.374, -0.0188, 0.4475, -0.3684, 0.556 | 4695
TOP-5 | 7.79678 | -0.0574, 0.2708, -0.0531, 0.5979, -0.3394, 0.5179 | 2139


Bee | Delta | Fails | Coordinates
1 | 24.75165 | 22 | -0.7419, -0.2192, -0.1354, 0.9314, 0.1275, 0.3073
2 | 25.9108 | 37 | 0.9274, 0.2262, 0.079, 0.1586, -0.2099, 0.7311
3 | 45.78746 | 2 | -0.3034, 0.2668, -0.1403, 0.193, 0.1548, 0.5595
4 | 25.48902 | 2 | 0.5476, -0.0406, -0.0555, 0.3006, 0.3298, 0.4287
5 | 16.00745 | 31 | -0.0475, -0.1795, -0.039, 0.2838, 0.1757, 0.755
6 | 23.26363 | 98 | 0.3365, -0.1934, -0.1487, 0.2429, 0.2705, 0.8282
7 | 18.52329 | 18 | -0.1037, 0.4578, -0.0795, 0.0196, 0.1399, 0.4461
8 | 13.26506 | 69 | 0.0993, 0.2394, -0.0614, 0.1725, 0.3364, 0.3057
9 | 14.58927 | 2 | 0.3493, 0.2287, -0.0818, 0.2048, 0.2106, 0.4213
10 | 42.44589 | 0 | 0.6468, -0.1304, -0.0588, 0.0077, 0.5782, 0.524




==========


MCN: 4199 | Local Minimums: 205
Time: 46 minutes after | Per MCN: 0.66992


TOP-1 | 4.86554 | 0.82248, 0.525026, -0.203851, 0.165504, -0.037492, 0.534949 | 479
TOP-2 | 6.79136 | 0.236497, 0.013316, -0.303133, 0.285999, 0.330753, 0.670136 | 920
TOP-3 | 6.83909 | 0.652804, -0.173805, 0.165874, -0.137935, 0.573106, 0.56886 | 1587
TOP-4 | 7.51666 | -0.071854, 0.196353, -0.275872, 0.241573, 0.311325, 0.525414 | 2993
TOP-5 | 8.07292 | 0.087066, 0.032121, -0.30089, 0.278075, 0.351274, 0.639721 | 854


Bee | Delta | Fails | Coordinates
1 | 30.86061 | 36 | 0.256907, 0.577582, -0.026166, -0.05575, -0.21606, 0.674051
2 | 41.90172 | 0 | 0.868526, -0.077614, 0.333706, 0.543412, -0.208684, 0.426165
3 | 15.67817 | 61 | -0.000583, 0.247775, -0.196236, 0.148145, 0.760319, 0.030904
4 | 31.1912 | 37 | 0.600384, 0.221504, -0.214632, 0.05443, 0.417764, 0.512348
5 | 36.42043 | 26 | 0.464594, -0.076777, 0.01971, 0.035854, 0.904867, 0.0879
6 | 20.63959 | 34 | 0.077883, 0.085543, -0.208943, 0.106029, 0.109667, 0.909399
7 | 13.90879 | 96 | 0.457737, 0.189417, -0.16727, 0.105177, 0.769493, 0.094394
8 | 22.60061 | 24 | 0.283147, 0.289972, -0.095514, 0.117055, 0.108594, 0.568714
9 | 20.87562 | 33 | 0.07083, 0.117125, 0.18547, -0.273419, 0.418259, 0.527789
10 | 18.04603 | 0 | 0.114359, 0.456082, -0.128824, 0.175957, -0.101445, 0.602462









======
Orig:
"g1 + g2 * V('i-1', 'j') + g3 * V('i', 'j-1') + g4 * V('i-1', 'j-1') + g5 * V('i-2', 'j') + g6 * V('i-1', 'j-1') * V('i-1', 'j') + g7 * V('i-2', 'j') + g8 * V('i-3', 'j')"

With swapped i <-> j
"g1 + g2 * V('i', 'j-1') + g3 * V('i-1', 'j') + g4 * V('i-1', 'j-1') + g5 * V('i', 'j-2') + g6 * V('i-1', 'j-1') * V('i', 'j-1') + g7 * V('i', 'j-2') + g8 * V('i', 'j-3')"

Orig Without g7 & g8

g1 + g2 * V('i-1', 'j') + g3 * V('i', 'j-1') + g4 * V('i-1', 'j-1') + g5 * V('i-2', 'j') + g6 * V('i-1', 'j-1') * V('i-1', 'j')

With swapped i <-> j AND without g7 & g8
"g1 + g2 * V('i', 'j-1') + g3 * V('i-1', 'j') + g4 * V('i-1', 'j-1') + g5 * V('i', 'j-2') + g6 * V('i-1', 'j-1') * V('i', 'j-1')"

With swapped i <-> j AND without g6
"g1 + g2 * V('i', 'j-1') + g3 * V('i-1', 'j') + g4 * V('i-1', 'j-1') + g5 * V('i', 'j-2') + g7 * V('i', 'j-2') + g8 * V('i', 'j-3')"


With swapped i <-> j AND without g6 & g7
LAST: "g1 + g2 * V('i', 'j-1') + g3 * V('i-1', 'j') + g4 * V('i-1', 'j-1') + g5 * V('i', 'j-2') + g8 * V('i', 'j-3')"

With swapped i <-> j AND without g6 & g4
"g1 + g2 * V('i', 'j-1') + g3 * V('i-1', 'j') + g5 * V('i', 'j-2') + g7 * V('i', 'j-2') + g8 * V('i', 'j-3')"

