php artisan calc --json="prm/4-1"

===
"g1 + g2 * W('i-1') + g3 * W('i-2')"

Start
MCN: 30000 | Local Minimums: 415
Time: 12 minutes after | Per MCN: 0.025


TOP-1 | 0.0276 | 0.052921, -0.999838, 0.283656 | 20456
TOP-2 | 0.02761 | 0.052933, -0.999555, 0.283537 | 19160
TOP-3 | 0.02762 | 0.052951, -0.999482, 0.283497 | 16090
TOP-4 | 0.02763 | 0.053088, -0.999746, 0.283465 | 15948
TOP-5 | 0.02764 | 0.053032, -0.999503, 0.283441 | 8008


Bee | Delta | Fails | Coordinates
1 | 0.02814 | 98 | 0.053178, -0.982937, 0.277216
2 | 0.02796 | 110 | 0.054728, -0.995499, 0.28033
3 | 0.02799 | 129 | 0.052899, -0.993354, 0.281054
4 | 0.02823 | 29 | 0.05524, -0.98478, 0.275985
5 | 0.0279 | 20 | 0.054024, -0.993631, 0.280309
6 | 0.02871 | 26 | 0.055524, -0.967967, 0.269211
7 | 0.02833 | 100 | 0.057533, -0.993374, 0.277023
8 | 0.02826 | 42 | 0.054629, -0.985256, 0.276516
9 | 0.02786 | 30 | 0.054115, -0.995068, 0.280778
10 | 0.03238 | 0 | 0.055952, -0.915959, 0.243755

===
"g1 + g2 * W('i-1') + g3 * W('i-2') + g4 * W('i-3')"

MCN: 23315 | Local Minimums: 1845
Time: 10 minutes after | Per MCN: 0.02625


TOP-1 | 0.02583 | 0.073802, -1.385346, 0.297855, 0.081823 | 10660
TOP-2 | 0.02621 | 0.058567, -1.204472, 0.269312, 0.093273 | 22468
TOP-3 | 0.02751 | 0.070305, -1.321578, 0.301268, 0.078183 | 9765
TOP-4 | 0.02908 | 0.052897, -1.162209, 0.173936, 0.126376 | 17772
TOP-5 | 0.02911 | 0.099559, -1.482804, -0.05535, 0.147454 | 14530


Bee | Delta | Fails | Coordinates
1 | 0.03665 | 31 | 0.073059, -0.205809, -0.738486, 0.178107
2 | 0.03791 | 2 | 0.073189, -0.20619, -0.54754, 0.136002
3 | 0.04471 | 0 | 0.057632, 0.144229, -0.344098, 0.110724
4 | 0.03751 | 39 | 0.07531, -0.279902, -0.369184, 0.080699
5 | 0.03736 | 2 | 0.071151, -0.24941, -0.287692, 0.04839
6 | 0.03852 | 23 | 0.072007, -0.233735, -0.495818, 0.13779
7 | 0.03893 | 7 | 0.062196, 0.001463, -0.44917, 0.076187
8 | 0.03872 | 22 | 0.094264, -0.596581, -0.417866, 0.096046
9 | 0.03884 | 0 | 0.07222, -0.326757, -0.373169, 0.120476
10 | 0.03981 | 0 | 0.069049, -0.331515, -0.374707, 0.146563


===


"g1 + g2 * W('i-1') + g3 * W('i-2') + g4 * W('i-2')"


Start
MCN: 30000 | Local Minimums: 584
Time: 15 minutes after | Per MCN: 0.03003


TOP-1 | 0.02794 | 0.053776, -0.991131, 0.175842, 0.103742 | 8704
TOP-2 | 0.02797 | 0.05284, -0.996022, 0.153337, 0.128648 | 9068
TOP-3 | 0.02798 | 0.054124, -0.997773, 0.268333, 0.013577 | 6763
TOP-4 | 0.02799 | 0.054016, -0.989714, 0.102343, 0.176505 | 21590
TOP-5 | 0.02809 | 0.054863, -0.991583, 0.256473, 0.022399 | 23800


Bee | Delta | Fails | Coordinates
1 | 0.03299 | 66 | 0.075977, -0.947719, 0.313027, -0.066471
2 | 0.03849 | 154 | 0.03467, 0.332474, 0.388678, -0.464722
3 | 0.03826 | 97 | 0.053752, -0.237488, 0.015702, 0.077493
4 | 0.03832 | 28 | 0.058416, -0.294454, 0.276483, -0.213896
5 | 0.03815 | 168 | 0.05721, -0.26343, 0.240523, -0.190801
6 | 0.03857 | 44 | 0.054736, -0.26211, 0.321439, -0.218049
7 | 0.0341 | 53 | 0.07753, -0.993421, 0.243795, 0.018493
8 | 0.03242 | 134 | 0.060269, -0.851451, 0.347215, -0.127106
9 | 0.03729 | 5 | 0.064651, -0.492912, -0.046845, 0.174817
10 | 0.0383 | 0 | 0.056615, -0.303482, -0.085923, 0.179236


====
"g2 * W('i-1') + g3 * W('i-2')"

Start
MCN: 30000 | Local Minimums: 396
Time: 13 minutes after | Per MCN: 0.0268


TOP-1 | 0.03627 | -0.95543, 1.257913, -0.235966 | 2114
TOP-2 | 0.03628 | -0.647463, 1.257902, -0.235973 | 2113
TOP-3 | 0.03629 | -0.85766, 1.258794, -0.236417 | 1893
TOP-4 | 0.0363 | -0.636626, 1.25788, -0.235972 | 2095
TOP-5 | 0.03631 | -1.627652, 1.257759, -0.235922 | 2284


Bee | Delta | Fails | Coordinates
1 | 0.04139 | 11 | -0.274039, 1.214276, -0.212514
2 | 0.03627 | 43 | -0.769324, 1.257845, -0.235932
3 | 0.03627 | 23 | 1.770799, 1.257844, -0.235931
4 | 0.03658 | 70 | 0.399174, 1.251661, -0.233104
5 | 0.03627 | 1 | -0.132147, 1.257845, -0.235932
6 | 0.03627 | 11 | 0.261782, 1.257845, -0.235932
7 | 0.03627 | 3 | 0.173809, 1.257844, -0.235931
8 | 0.03627 | 75 | 0.181261, 1.257843, -0.235931
9 | 0.03627 | 15 | 0.940152, 1.257845, -0.235931
10 | 0.03849 | 0 | 0.222914, 1.234733, -0.226087
MCN: 30001, Result:
Finish



====
"g1 + g2 * W('i-1') + g3 * W('i-2') + g4 * W('i-2')"

Start
MCN: 30000 | Local Minimums: 2470
Time: 13 minutes after | Per MCN: 0.0279


TOP-1 | 0.02826 | 0.06036, -1.081996, 0.373257, -0.068696 | 11835
TOP-2 | 0.02841 | 0.059713, -1.064315, -0.081237, 0.379356 | 399
TOP-3 | 0.02898 | 0.04787, -1.046555, -0.139818, 0.447157 | 24758
TOP-4 | 0.02909 | 0.057251, -0.954242, -0.150262, 0.41308 | 6175
TOP-5 | 0.02949 | 0.052258, -1.023298, 0.485849, -0.195439 | 2897


Bee | Delta | Fails | Coordinates
1 | 0.04513 | 7 | 0.035629, -0.045095, 0.318936, -0.165232
2 | 1.69103 | 0 | 1.129394, -0.224226, 0.366377, 0.152408
3 | 0.03824 | 19 | 0.052694, -0.154882, 0.154166, -0.120425
4 | 0.03765 | 33 | 0.066054, -0.471174, 0.211367, -0.108738
5 | 0.03479 | 0 | 0.066838, -0.801835, 0.361248, -0.155998
6 | 0.03798 | 25 | 0.058758, -0.345575, 0.254323, -0.15602
7 | 0.03842 | 37 | 0.057616, -0.33042, 0.091281, 0.019451
8 | 0.03703 | 8 | 0.066467, -0.521546, 0.329357, -0.217484
9 | 0.03709 | 48 | 0.065216, -0.461745, 0.032786, 0.057538
10 | 0.04648 | 0 | 0.059475, -0.771235, 0.681572, -0.450561
MCN: 30001, Result:
Finish

===
"g1 + g2 * W('i-1') + g3 * W('i-2') + g4 * W('i-3') + g5 * W('i-4')"

Start
MCN: 50000 | Local Minimums: 4094
Time: 28 minutes after | Per MCN: 0.03362


TOP-1 | 0.02172 | 0.023576, -0.292035, 1.319272, -0.176229, -0.156442 | 39273
TOP-2 | 0.02379 | 0.037155, -0.801226, 0.945233, -0.124713, -0.105497 | 8079
TOP-3 | 0.0239 | 0.043082, -1.32613, 0.112969, 0.798363, -0.168368 | 10998
TOP-4 | 0.02395 | 0.037739, -0.376619, 1.072129, -0.501732, -0.056384 | 15400
TOP-5 | 0.02402 | 0.061533, -1.461394, 0.370456, 0.416394, -0.145327 | 23480


Bee | Delta | Fails | Coordinates
1 | 0.02552 | 15 | 0.0447, -0.965526, 0.494487, 0.003148, -0.080381
2 | 0.03816 | 14 | 0.031108, -0.931028, 0.209178, 0.600415, -0.089911
3 | 1.79614 | 1 | 0.7508, 0.322, 1.0608, -1.5792, -0.2792
4 | 0.03051 | 6 | 0.034132, -0.769505, 0.548681, 0.172239, -0.148382
5 | 0.03575 | 4 | 0.054886, -0.752356, 0.207905, 0.510937, -0.150271
6 | 0.03766 | 14 | 0.02152, -0.753021, 0.623983, 0.183989, -0.140922
7 | 0.03029 | 4 | 0.033108, -1.066428, 0.356955, 0.287444, -0.117695
8 | 0.03671 | 1 | 0.02604, 0.076633, 0.362378, 0.174002, -0.101063
9 | 0.03592 | 5 | 0.05998, -0.864886, 0.214661, 0.359868, -0.112153
10 | 0.03869 | 0 | 0.079462, -0.975985, -0.103565, 0.276415, -0.077845


==

MCN: 134722 | Local Minimums: 7460
Time: 1 hour after | Per MCN: 0.05034


TOP-1 | 0.02163 | 0.064191, -1.483757, -0.332992, 0.643141, -0.080642 | 82284
TOP-2 | 0.02215 | 0.036868, -0.594649, 1.359985, -0.451799, -0.089741 | 21399
TOP-3 | 0.02237 | 0.067634, -1.50653, -0.310472, 0.61878, -0.081974 | 82233
TOP-4 | 0.0226 | 0.027686, -0.489637, 1.15322, -0.1583, -0.134989 | 23612
TOP-5 | 0.02267 | 0.072863, -1.633991, -0.40594, 0.577818, -0.068056 | 82559


Bee | Delta | Fails | Coordinates
1 | 0.03073 | 36 | 0.08168, -1.083133, -0.224759, -0.412402, 0.062729
2 | 0.02987 | 23 | 0.082769, -0.963564, 0.216144, -0.357109, 0.001377
3 | 0.03417 | 18 | 0.095473, -0.867682, 0.054191, -0.374192, 0.00031
4 | 0.03037 | 4 | 0.095117, -1.093194, -0.159161, -0.412492, 0.052281
5 | 0.03001 | 41 | 0.075384, -0.907523, 0.080158, -0.335227, 0.008967
6 | 0.03463 | 26 | 0.079436, -1.115894, -0.01295, -0.079552, -0.035085
7 | 0.02831 | 30 | 0.07667, -1.113699, 0.361161, -0.378036, 0.004176
8 | 0.03049 | 23 | 0.079591, -1.081493, -0.206801, -0.324595, 0.043547
9 | 0.46955 | 0 | 0.286336, -0.92627, -0.125712, 0.024966, 0.403395
10 | 0.03413 | 0 | 0.092426, -1.02363, -0.06, 0.150816, -0.071091


==============
NEW DATA
==============
"g1 + g2 * W('i-1') + g3 * W('i-2') + g4 * W('i-3') + g5 * W('i-4')"

-1, 1

MCN: 10887 | Local Minimums: 575
Time: 4 minutes after | Per MCN: 0.02498


TOP-1 | 0.01197 | 0.019526, -0.703571, 0.923484, -0.31387, -0.075539 | 1375
TOP-2 | 0.01198 | 0.014415, -0.73855, 0.973395, 0.106017, -0.186117 | 2804
TOP-3 | 0.01203 | 0.017302, -0.785177, 0.922487, 0.025715, -0.158236 | 3025
TOP-4 | 0.01208 | 0.0144, -0.750237, 0.953962, 0.128449, -0.189507 | 2793
TOP-5 | 0.01216 | 0.018991, -0.762852, 0.85849, -0.129443, -0.112654 | 6343


Bee | Delta | Fails | Coordinates
1 | 0.01359 | 23 | 0.03165, -0.988708, 0.517721, -0.261943, -0.0388
2 | 0.02377 | 22 | 0.037699, -0.697179, 0.587442, -0.601999, -0.007336
3 | 0.01576 | 3 | 0.029982, -0.946951, 0.322463, -0.137953, -0.054984
4 | 0.01618 | 39 | 0.029624, -0.815359, 0.684398, 0.123993, -0.16366
5 | 0.01274 | 26 | 0.02558, -0.905092, 0.701801, -0.302798, -0.044902
6 | 0.0152 | 57 | 0.029137, -0.873267, 0.309584, -0.127561, -0.060474
7 | 0.01509 | 6 | 0.021033, -0.897757, 0.721245, -0.055531, -0.103531
8 | 0.01447 | 40 | 0.02484, -0.84674, 0.630245, -0.149709, -0.084823
9 | 0.01654 | 12 | 0.027283, -0.377643, 0.438938, -0.08478, -0.106096
10 | 0.0179 | 0 | 0.025386, -0.090585, 0.370983, -0.26046, -0.039141

===
-2, 2

Start
MCN: 96859 | Local Minimums: 5368
Time: 1 hour after | Per MCN: 0.03977


TOP-1 | 0.01126 | 0.016139, -0.3552, 1.27191, -0.373792, -0.120687 | 93735
TOP-2 | 0.01139 | 0.037818, -1.592159, -0.16705, 0.611125, -0.134435 | 67903
TOP-3 | 0.01142 | 0.030671, -1.417212, -0.113609, 0.691169, -0.145553 | 68020
TOP-4 | 0.0115 | 0.034055, -1.508831, -0.123535, 0.656335, -0.143021 | 67936
TOP-5 | 0.01151 | 0.02126, -1.25906, 0.119831, 0.839517, -0.203452 | 25546


Bee | Delta | Fails | Coordinates
1 | 0.03367 | 0 | 0.010626, -0.272602, 0.299159, 0.044452, -0.160896
2 | 0.01781 | 7 | 0.04667, -1.344858, -0.437752, -0.08238, 0.025606
3 | 0.0138 | 31 | 0.015925, -0.598825, 0.898255, 0.014727, -0.174071
4 | 0.02067 | 1 | 0.029042, -0.900251, 0.114473, -0.308876, 0.0306
5 | 0.01921 | 63 | 0.046204, -0.612847, -0.282638, 0.127599, -0.038088
6 | 0.09798 | 0 | 0.018959, -0.838308, 0.047551, 1.131469, 0.042475
7 | 0.02011 | 10 | 0.034899, -0.157258, -0.464308, 0.168099, -0.031821
8 | 0.0233 | 73 | 0.016715, 0.350714, -0.358455, -0.075574, 0.128243
9 | 0.42477 | 1 | -0.0036, -0.212, 1.4128, 1.0428, -0.9524
10 | 0.02038 | 0 | 0.041062, -0.735229, -0.193246, 0.332061, -0.097197


=====

g1 + g2 * W('i-1') + g3 * W('i-2') + g4 * W('i-3') + g5 * W('i-4')"

Start
MCN: 46889 | Local Minimums: 960
Time: 24 minutes after | Per MCN: 0.03075


TOP-1 | 0.01029 | 0.013445, -0.336481, 1.381261, -0.215064, -0.175858 | 17059
TOP-2 | 0.01032 | 0.013223, -0.310118, 1.347349, -0.195337, -0.178867 | 17140
TOP-3 | 0.01033 | 0.013234, -0.325508, 1.347413, -0.194178, -0.178826 | 16941
TOP-4 | 0.01034 | 0.01341, -0.341507, 1.34808, -0.200432, -0.176172 | 17054
TOP-5 | 0.01036 | 0.013411, -0.340244, 1.343553, -0.203161, -0.175131 | 16950


Bee | Delta | Fails | Coordinates
1 | 0.01139 | 197 | 0.015247, -0.557486, 1.121209, -0.106587, -0.162306
2 | 0.01164 | 89 | 0.014228, -0.647466, 1.126051, -0.047087, -0.170782
3 | 0.02151 | 4 | 0.009086, -0.225826, 0.719059, 0.29608, -0.157491
4 | 0.05275 | 0 | 0.014216, 0.670291, 0.280592, -0.115671, -0.015227
5 | 0.01429 | 24 | 0.015136, -0.420037, 0.954614, 0.170585, -0.236969
6 | 0.01314 | 14 | 0.017404, -0.555595, 0.945587, -0.05011, -0.161175
7 | 0.01702 | 1 | 0.010934, -0.434271, 0.972389, 0.411228, -0.267042
8 | 0.01146 | 51 | 0.014647, -0.597534, 1.076424, -0.042642, -0.171676
9 | 0.02012 | 0 | 0.007714, -0.350264, 1.088158, -0.167714, -0.160211
10 | 0.0118 | 0 | 0.014958, -0.649777, 1.03041, -0.027557, -0.167627



====


Start
MCN: 22291 | Local Minimums: 426
Time: 10 minutes after | Per MCN: 0.02777


TOP-1 | 0.01017 | 0.011021, -0.276223, 1.388641, -0.057636, -0.22417 | 10045
TOP-2 | 0.01018 | 0.011073, -0.282595, 1.387365, -0.058666, -0.223348 | 10002
TOP-3 | 0.01019 | 0.01108, -0.287465, 1.384184, -0.056878, -0.223418 | 9876
TOP-4 | 0.0102 | 0.011076, -0.28479, 1.383717, -0.05586, -0.22371 | 9814
TOP-5 | 0.01021 | 0.011235, -0.284728, 1.379376, -0.067854, -0.219885 | 9606


Bee | Delta | Fails | Coordinates
1 | 0.01138 | 94 | 0.014944, -0.496773, 1.207595, -0.111227, -0.174409
2 | 0.01138 | 109 | 0.015417, -0.384369, 1.171232, -0.210216, -0.150626
3 | 0.01127 | 63 | 0.014286, -0.553133, 1.154508, -0.053738, -0.180731
4 | 0.01119 | 182 | 0.01487, -0.542955, 1.143798, -0.12428, -0.161124
5 | 0.01137 | 45 | 0.014923, -0.580359, 1.157869, -0.059565, -0.177673
6 | 0.0114 | 184 | 0.013397, -0.578061, 1.166121, -0.027825, -0.186354
7 | 0.01136 | 48 | 0.014779, -0.268424, 1.151693, -0.202215, -0.157597
8 | 0.01142 | 10 | 0.015468, -0.551583, 1.12869, -0.130883, -0.157214
9 | 0.01132 | 96 | 0.014357, -0.354171, 1.186799, -0.16863, -0.165673
10 | 0.01135 | 0 | 0.014715, -0.322597, 1.163697, -0.190899, -0.159506
